  translate(200, 200);
  //make the color red = 255,0,0
  //red amount maxed at 255, no green, no blue
  //the last number is the solidness = 150 out of 255
  fill(255,0,0,150)
  //137.507 is approximately the golden angle which is the angle between petals of some flowers
  //this is a loop that keeps going until the counter value is greater than 180 x 60
  //each time through the loop, the counter goes up by the golden angle
  for (counter = 0; counter < 180*60; counter += 137.507) {
    push();
    rotate(counter);
    translate(0, counter * 0.005);
    ellipse(0,0,5, 35);
    pop();
  }
//
rect(0,100,200,200);rect(0,100,200,200);rect(0,100,200,200);rect(0,100,200,200);rect(0,100,200,200);rect(0,100,200,200);rect(0,100,200,200);rect(0,100,200,200);rect(0,100,200,200);rect(0,100,200,200);rect(0,100,200,200);rect(0,100,200,200);rect(0,100,200,200);rect(0,100,200,200);rect(0,100,200,200);rect(0,100,200,200);rect(0,100,200,200);rect(0,100,200,200);rect(0,100,200,200);rect(0,100,200,200);rect(0,100,200,200);rect(0,100,200,200);rect(0,100,200,200);rect(0,100,200,200);rect(0,100,200,200);rect(0,100,200,200);rect(0,100,200,200);rect(0,100,200,200);rect(0,100,200,200);rect(0,100,200,200);rect(0,100,200,200);rect(0,100,200,200);rect(0,100,200,200);rect(0,100,200,200);rect(0,100,200,200);rect(0,100,200,200);rect(0,100,200,200);rect(0,100,200,200);rect(0,100,200,200);rect(0,100,200,200);rect(0,100,200,200);rect(0,100,200,200);rect(0,100,200,200);rect(0,100,200,200);rect(0,100,200,200);rect(0,100,200,200);rect(0,100,200,200);rect(0,100,200,200);rect(0,100,200,200);rect(0,100,200,200);rect(0,100,200,200);rect(0,100,200,200);rect(0,100,200,200);rect(0,100,200,200);rect(0,100,200,200);rect(0,100,200,200);rect(0,100,200,200);rect(0,100,200,200);rect(0,100,200,200);rect(0,100,200,200);rect(0,100,200,200);rect(0,100,200,200);rect(0,100,200,200);rect(0,100,200,200);rect(0,100,200,200);rect(0,100,200,200);rect(0,100,200,200);rect(0,100,200,200);rect(0,100,200,200);rect(0,100,200,200);rect(0,100,200,200);rect(0,100,200,200);rect(0,100,200,200);rect(0,100,200,200);rect(0,100,200,200);rect(0,100,200,200);rect(0,100,200,200);rect(0,100,200,200);rect(0,100,200,200);rect(0,100,200,200);rect(0,100,200,200);rect(0,100,200,200);rect(0,100,200,200);rect(0,100,200,200);rect(0,100,200,200);rect(0,100,200,200);rect(0,100,200,200);rect(0,100,200,200);rect(0,100,200,200);rect(0,100,200,200);rect(0,100,200,200);rect(0,100,200,200);rect(0,100,200,200);rect(0,100,200,200);rect(0,100,200,200);rect(0,100,200,200);rect(0,100,200,200);rect(0,100,200,200);rect(0,100,200,200);rect(0,100,200,200);rect(0,100,200,200);rect(0,100,200,200);rect(0,100,200,200);rect(0,100,200,200);rect(0,100,200,200);rect(0,100,200,200);rect(0,100,200,200);rect(0,100,200,200);rect(0,100,200,200);rect(0,100,200,200);rect(0,100,200,200);rect(0,100,200,200);rect(0,100,200,200);rect(0,100,200,200);rect(0,100,200,200);rect(0,100,200,200);rect(0,100,200,200);rect(0,100,200,200);rect(0,100,200,200);rect(0,100,200,200);rect(0,100,200,200);rect(0,100,200,200);rect(0,100,200,200);rect(0,100,200,200);rect(0,100,200,200);rect(0,100,200,200);rect(0,100,200,200);rect(0,100,200,200);rect(0,100,200,200);rect(0,100,200,200);rect(0,100,200,200);rect(0,100,200,200);rect(0,100,200,200);rect(0,100,200,200);rect(0,100,200,200);rect(0,100,200,200);rect(0,100,200,200);rect(0,100,200,200);rect(0,100,200,200);rect(0,100,200,200);rect(0,100,200,200);rect(0,100,200,200);rect(0,100,200,200);rect(0,100,200,200);rect(0,100,200,200);rect(0,100,200,200);rect(0,100,200,200);rect(0,100,200,200);rect(0,100,200,200);rect(0,100,200,200);rect(0,100,200,200);rect(0,100,200,200);rect(0,100,200,200);rect(0,100,200,200);rect(0,100,200,200);rect(0,100,200,200);rect(0,100,200,200);rect(0,100,200,200);rect(0,100,200,200);rect(0,100,200,200);rect(0,100,200,200);rect(0,100,200,200);rect(0,100,200,200);rect(0,100,200,200);rect(0,100,200,200);rect(0,100,200,200);rect(0,100,200,200);rect(0,100,200,200);rect(0,100,200,200);rect(0,100,200,200);rect(0,100,200,200);rect(0,100,200,200);rect(0,100,200,200);rect(0,100,200,200);rect(0,100,200,200);rect(0,100,200,200);rect(0,100,200,200);rect(0,100,200,200);rect(0,100,200,200);rect(0,100,200,200);rect(0,100,200,200);rect(0,100,200,200);rect(0,100,200,200);rect(0,100,200,200);rect(0,100,200,200);rect(0,100,200,200);rect(0,100,200,200);rect(0,100,200,200);rect(0,100,200,200);rect(0,100,200,200);rect(0,100,200,200);rect(0,100,200,200);rect(0,100,200,200);rect(0,100,200,200);rect(0,100,200,200);rect(0,100,200,200);rect(0,100,200,200);rect(0,100,200,200);rect(0,100,200,200);rect(0,100,200,200);rect(0,100,200,200);rect(0,100,200,200);rect(0,100,200,200);rect(0,100,200,200);rect(0,100,200,200);rect(0,100,200,200);rect(0,100,200,200);rect(0,100,200,200);rect(0,100,200,200);rect(0,100,200,200);rect(0,100,200,200);rect(0,100,200,200);rect(0,100,200,200);rect(0,100,200,200);rect(0,100,200,200);rect(0,100,200,200);rect(0,100,200,200);rect(0,100,200,200);rect(0,100,200,200);rect(0,100,200,200);rect(0,100,200,200);rect(0,100,200,200);rect(0,100,200,200);rect(0,100,200,200);rect(0,100,200,200);rect(0,100,200,200);rect(0,100,200,200);rect(0,100,200,200);rect(0,100,200,200);rect(0,100,200,200);rect(0,100,200,200);rect(0,100,200,200);rect(0,100,200,200);rect(0,100,200,200);rect(0,100,200,200);rect(0,100,200,200);rect(0,100,200,200);rect(0,100,200,200);rect(0,100,200,200);rect(0,100,200,200);rect(0,100,200,200);rect(0,100,200,200);rect(0,100,200,200);rect(0,100,200,200);rect(0,100,200,200);rect(0,100,200,200);rect(0,100,200,200);rect(0,100,200,200);rect(0,100,200,200);rect(0,100,200,200);rect(0,100,200,200);rect(0,100,200,200);rect(0,100,200,200);rect(0,100,200,200);rect(0,100,200,200);rect(0,100,200,200);rect(0,100,200,200);rect(0,100,200,200);rect(0,100,200,200);rect(0,100,200,200);rect(0,100,200,200);rect(0,100,200,200);rect(0,100,200,200);rect(0,100,200,200);rect(0,100,200,200);rect(0,100,200,200);rect(0,100,200,200);rect(0,100,200,200);rect(0,100,200,200);rect(0,100,200,200);rect(0,100,200,200);rect(0,100,200,200);rect(0,100,200,200);rect(0,100,200,200);rect(0,100,200,200);rect(0,100,200,200);rect(0,100,200,200);rect(0,100,200,200);rect(0,100,200,200);rect(0,100,200,200);rect(0,100,200,200);rect(0,100,200,200);rect(0,100,200,200);rect(0,100,200,200);rect(0,100,200,200);rect(0,100,200,200);rect(0,100,200,200);rect(0,100,200,200);rect(0,100,200,200);rect(0,100,200,200);rect(0,100,200,200);rect(0,100,200,200);rect(0,100,200,200);rect(0,100,200,200);rect(0,100,200,200);rect(0,100,200,200);rect(0,100,200,200);rect(0,100,200,200);rect(0,100,200,200);rect(0,100,200,200);rect(0,100,200,200);rect(0,100,200,200);rect(0,100,200,200);rect(0,100,200,200);rect(0,100,200,200);rect(0,100,200,200);rect(0,100,200,200);rect(0,100,200,200);rect(0,100,200,200);rect(0,100,200,200);rect(0,100,200,200);rect(0,100,200,200);rect(0,100,200,200);rect(0,100,200,200);rect(0,100,200,200);rect(0,100,200,200);rect(0,100,200,200);rect(0,100,200,200);rect(0,100,200,200);rect(0,100,200,200);rect(0,100,200,200);rect(0,100,200,200);rect(0,100,200,200);rect(0,100,200,200);rect(0,100,200,200);rect(0,100,200,200);rect(0,100,200,200);rect(0,100,200,200);rect(0,100,200,200);rect(0,100,200,200);rect(0,100,200,200);rect(0,100,200,200);rect(0,100,200,200);rect(0,100,200,200);rect(0,100,200,200);rect(0,100,200,200);rect(0,100,200,200);rect(0,100,200,200);rect(0,100,200,200);rect(0,100,200,200);rect(0,100,200,200);rect(0,100,200,200);rect(0,100,200,200);rect(0,100,200,200);rect(0,100,200,200);rect(0,100,200,200);rect(0,100,200,200);rect(0,100,200,200);rect(0,100,200,200);rect(0,100,200,200);rect(0,100,200,200);rect(0,100,200,200);rect(0,100,200,200);rect(0,100,200,200);rect(0,100,200,200);rect(0,100,200,200);rect(0,100,200,200);rect(0,100,200,200);rect(0,100,200,200);rect(0,100,200,200);rect(0,100,200,200);rect(0,100,200,200);rect(0,100,200,200);rect(0,100,200,200);rect(0,100,200,200);rect(0,100,200,200);rect(0,100,200,200);rect(0,100,200,200);rect(0,100,200,200);rect(0,100,200,200);rect(0,100,200,200);rect(0,100,200,200);rect(0,100,200,200);rect(0,100,200,200);rect(0,100,200,200);rect(0,100,200,200);rect(0,100,200,200);rect(0,100,200,200);rect(0,100,200,200);rect(0,100,200,200);rect(0,100,200,200);rect(0,100,200,200);rect(0,100,200,200);rect(0,100,200,200);rect(0,100,200,200);rect(0,100,200,200);rect(0,100,200,200);rect(0,100,200,200);rect(0,100,200,200);rect(0,100,200,200);rect(0,100,200,200);rect(0,100,200,200);rect(0,100,200,200);rect(0,100,200,200);rect(0,100,200,200);rect(0,100,200,200);rect(0,100,200,200);rect(0,100,200,200);rect(0,100,200,200);rect(0,100,200,200);rect(0,100,200,200);rect(0,100,200,200);rect(0,100,200,200);rect(0,100,200,200);rect(0,100,200,200);rect(0,100,200,200);rect(0,100,200,200);rect(0,100,200,200);rect(0,100,200,200);rect(0,100,200,200);rect(0,100,200,200);rect(0,100,200,200);rect(0,100,200,200);rect(0,100,200,200);rect(0,100,200,200);rect(0,100,200,200);rect(0,100,200,200);rect(0,100,200,200);rect(0,100,200,200);rect(0,100,200,200);rect(0,100,200,200);rect(0,100,200,200);rect(0,100,200,200);rect(0,100,200,200);rect(0,100,200,200);rect(0,100,200,200);rect(0,100,200,200);rect(0,100,200,200);rect(0,100,200,200);rect(0,100,200,200);rect(0,100,200,200);rect(0,100,200,200);rect(0,100,200,200);rect(0,100,200,200);rect(0,100,200,200);rect(0,100,200,200);rect(0,100,200,200);rect(0,100,200,200);rect(0,100,200,200);rect(0,100,200,200);rect(0,100,200,200);rect(0,100,200,200);rect(0,100,200,200);rect(0,100,200,200);rect(0,100,200,200);rect(0,100,200,200);rect(0,100,200,200);rect(0,100,200,200);rect(0,100,200,200);rect(0,100,200,200);rect(0,100,200,200);rect(0,100,200,200);rect(0,100,200,200);rect(0,100,200,200);rect(0,100,200,200);rect(0,100,200,200);rect(0,100,200,200);rect(0,100,200,200);rect(0,100,200,200);rect(0,100,200,200);rect(0,100,200,200);rect(0,100,200,200);rect(0,100,200,200);rect(0,100,200,200);rect(0,100,200,200);rect(0,100,200,200);rect(0,100,200,200);rect(0,100,200,200);rect(0,100,200,200);rect(0,100,200,200);rect(0,100,200,200);rect(0,100,200,200);rect(0,100,200,200);rect(0,100,200,200);rect(0,100,200,200);rect(0,100,200,200);rect(0,100,200,200);rect(0,100,200,200);rect(0,100,200,200);rect(0,100,200,200);rect(0,100,200,200);rect(0,100,200,200);rect(0,100,200,200);rect(0,100,200,200);rect(0,100,200,200);rect(0,100,200,200);rect(0,100,200,200);rect(0,100,200,200);rect(0,100,200,200);rect(0,100,200,200);rect(0,100,200,200);rect(0,100,200,200);rect(0,100,200,200);rect(0,100,200,200);rect(0,100,200,200);rect(0,100,200,200);rect(0,100,200,200);rect(0,100,200,200);rect(0,100,200,200);rect(0,100,200,200);rect(0,100,200,200);rect(0,100,200,200);rect(0,100,200,200);rect(0,100,200,200);rect(0,100,200,200);rect(0,100,200,200);rect(0,100,200,200);rect(0,100,200,200);rect(0,100,200,200);rect(0,100,200,200);rect(0,100,200,200);rect(0,100,200,200);rect(0,100,200,200);rect(0,100,200,200);rect(0,100,200,200);rect(0,100,200,200);rect(0,100,200,200);rect(0,100,200,200);rect(0,100,200,200);rect(0,100,200,200);rect(0,100,200,200);rect(0,100,200,200);rect(0,100,200,200);rect(0,100,200,200);rect(0,100,200,200);rect(0,100,200,200);rect(0,100,200,200);rect(0,100,200,200);rect(0,100,200,200);rect(0,100,200,200);rect(0,100,200,200);rect(0,100,200,200);rect(0,100,200,200);rect(0,100,200,200);rect(0,100,200,200);rect(0,100,200,200);rect(0,100,200,200);rect(0,100,200,200);rect(0,100,200,200);rect(0,100,200,200);rect(0,100,200,200);rect(0,100,200,200);rect(0,100,200,200);rect(0,100,200,200);rect(0,100,200,200);rect(0,100,200,200);rect(0,100,200,200);rect(0,100,200,200);rect(0,100,200,200);rect(0,100,200,200);rect(0,100,200,200);rect(0,100,200,200);rect(0,100,200,200);rect(0,100,200,200);rect(0,100,200,200);rect(0,100,200,200);rect(0,100,200,200);rect(0,100,200,200);rect(0,100,200,200);rect(0,100,200,200);rect(0,100,200,200);rect(0,100,200,200);rect(0,100,200,200);rect(0,100,200,200);rect(0,100,200,200);rect(0,100,200,200);rect(0,100,200,200);rect(0,100,200,200);rect(0,100,200,200);rect(0,100,200,200);rect(0,100,200,200);rect(0,100,200,200);rect(0,100,200,200);rect(0,100,200,200);rect(0,100,200,200);rect(0,100,200,200);rect(0,100,200,200);rect(0,100,200,200);rect(0,100,200,200);rect(0,100,200,200);rect(0,100,200,200);rect(0,100,200,200);rect(0,100,200,200);rect(0,100,200,200);rect(0,100,200,200);rect(0,100,200,200);rect(0,100,200,200);rect(0,100,200,200);rect(0,100,200,200);rect(0,100,200,200);rect(0,100,200,200);rect(0,100,200,200);rect(0,100,200,200);rect(0,100,200,200);rect(0,100,200,200);rect(0,100,200,200);rect(0,100,200,200);rect(0,100,200,200);rect(0,100,200,200);rect(0,100,200,200);rect(0,100,200,200);rect(0,100,200,200);rect(0,100,200,200);rect(0,100,200,200);rect(0,100,200,200);rect(0,100,200,200);rect(0,100,200,200);rect(0,100,200,200);rect(0,100,200,200);rect(0,100,200,200);rect(0,100,200,200);rect(0,100,200,200);rect(0,100,200,200);rect(0,100,200,200);rect(0,100,200,200);rect(0,100,200,200);rect(0,100,200,200);rect(0,100,200,200);rect(0,100,200,200);rect(0,100,200,200);rect(0,100,200,200);rect(0,100,200,200);rect(0,100,200,200);rect(0,100,200,200);rect(0,100,200,200);rect(0,100,200,200);rect(0,100,200,200);rect(0,100,200,200);rect(0,100,200,200);rect(0,100,200,200);rect(0,100,200,200);rect(0,100,200,200);rect(0,100,200,200);rect(0,100,200,200);rect(0,100,200,200);rect(0,100,200,200);rect(0,100,200,200);rect(0,100,200,200);rect(0,100,200,200);rect(0,100,200,200);rect(0,100,200,200);rect(0,100,200,200);rect(0,100,200,200);rect(0,100,200,200);rect(0,100,200,200);rect(0,100,200,200);rect(0,100,200,200);rect(0,100,200,200);rect(0,100,200,200);rect(0,100,200,200);rect(0,100,200,200);rect(0,100,200,200);rect(0,100,200,200);rect(0,100,200,200);rect(0,100,200,200);rect(0,100,200,200);rect(0,100,200,200);rect(0,100,200,200);rect(0,100,200,200);rect(0,100,200,200);rect(0,100,200,200);rect(0,100,200,200);rect(0,100,200,200);rect(0,100,200,200);rect(0,100,200,200);rect(0,100,200,200);rect(0,100,200,200);rect(0,100,200,200);rect(0,100,200,200);rect(0,100,200,200);rect(0,100,200,200);rect(0,100,200,200);rect(0,100,200,200);rect(0,100,200,200);rect(0,100,200,200);rect(0,100,200,200);rect(0,100,200,200);rect(0,100,200,200);rect(0,100,200,200);rect(0,100,200,200);rect(0,100,200,200);rect(0,100,200,200);rect(0,100,200,200);rect(0,100,200,200);rect(0,100,200,200);rect(0,100,200,200);rect(0,100,200,200);rect(0,100,200,200);rect(0,100,200,200);rect(0,100,200,200);rect(0,100,200,200);rect(0,100,200,200);rect(0,100,200,200);rect(0,100,200,200);rect(0,100,200,200);rect(0,100,200,200);rect(0,100,200,200);rect(0,100,200,200);rect(0,100,200,200);rect(0,100,200,200);rect(0,100,200,200);rect(0,100,200,200);rect(0,100,200,200);rect(0,100,200,200);rect(-50,100,200,200);rect(0,100,200,200);rect(0,100,200,200);rect(0,100,200,200);rect(0,100,200,200);rect(0,100,200,200);rect(-50,100,200,200);rect(-50,100,200,200);rect(0,100,200,200);rect(0,100,200,200);rect(0,100,200,200);rect(-50,100,200,200);rect(0,100,200,200);rect(0,100,200,200);rect(0,100,200,200);rect(-50,100,200,200);rect(0,100,200,200);rect(0,100,200,200);rect(0,100,200,200);rect(0,100,200,200);rect(-50,100,200,200);rect(-50,100,200,200);rect(0,100,200,200);rect(0,100,200,200);rect(0,100,200,200);rect(-50,100,200,200);rect(0,100,200,200);rect(0,100,200,200);rect(0,100,200,200);rect(-50,100,200,200);rect(-50,100,200,200);rect(0,100,200,200);rect(0,100,200,200);rect(-50,100,200,200);rect(0,100,200,200);rect(0,100,200,200);rect(0,100,200,200);rect(-50,100,200,200);rect(0,100,200,200);rect(-50,100,200,200);rect(0,100,200,200);rect(-50,100,200,200);rect(0,100,200,200);rect(-50,100,200,200);rect(0,100,200,200);rect(0,100,200,200);rect(0,100,200,200);rect(0,100,200,200);rect(-50,100,200,200);rect(-50,100,200,200);rect(0,100,200,200);rect(0,100,200,200);rect(-50,100,200,200);rect(0,100,200,200);rect(0,100,200,200);rect(0,100,200,200);rect(-50,100,200,200);rect(-50,100,200,200);rect(0,100,200,200);rect(0,100,200,200);rect(0,100,200,200);rect(-50,100,200,200);rect(0,100,200,200);rect(0,100,200,200);rect(-50,100,200,200);rect(0,100,200,200);rect(0,100,200,200);rect(0,100,200,200);rect(-50,100,200,200);rect(-50,100,200,200);rect(0,100,200,200);rect(0,100,200,200);rect(0,100,200,200);rect(-50,100,200,200);rect(0,100,200,200);rect(0,100,200,200);rect(0,100,200,200);rect(-50,100,200,200);rect(0,100,200,200);rect(-50,100,200,200);rect(0,100,200,200);rect(0,100,200,200);rect(0,100,200,200);rect(0,100,200,200);rect(-50,100,200,200);rect(0,100,200,200);rect(0,100,200,200);rect(0,100,200,200);rect(0,100,200,200);rect(-50,100,200,200);rect(0,100,200,200);rect(0,100,200,200);rect(-50,100,200,200);rect(-50,100,200,200);rect(0,100,200,200);rect(0,100,200,200);rect(0,100,200,200);rect(0,100,200,200);rect(-50,100,200,200);rect(0,100,200,200);rect(0,100,200,200);rect(0,100,200,200);rect(0,100,200,200);rect(0,100,200,200);rect(-50,100,200,200);rect(-50,100,200,200);rect(0,100,200,200);rect(0,100,200,200);rect(0,100,200,200);rect(0,100,200,200);rect(-50,100,200,200);rect(0,100,200,200);rect(0,100,200,200);rect(0,100,200,200);rect(0,100,200,200);rect(-50,100,200,200);rect(0,100,200,200);rect(0,100,200,200);rect(-50,100,200,200);rect(-50,100,200,200);rect(0,100,200,200);rect(0,100,200,200);rect(0,100,200,200);rect(0,100,200,200);rect(-50,100,200,200);rect(0,100,200,200);rect(0,100,200,200);rect(0,100,200,200);rect(-50,100,200,200);rect(0,100,200,200);rect(0,100,200,200);rect(0,100,200,200);rect(-50,100,200,200);rect(0,100,200,200);rect(0,100,200,200);rect(0,100,200,200);rect(0,100,200,200);rect(-50,100,200,200);rect(-50,100,200,200);rect(0,100,200,200);rect(0,100,200,200);rect(0,100,200,200);rect(0,100,200,200);rect(-50,100,200,200);rect(0,100,200,200);rect(0,100,200,200);rect(0,100,200,200);rect(0,100,200,200);rect(-50,100,200,200);rect(0,100,200,200);rect(0,100,200,200);rect(0,100,200,200);rect(0,100,200,200);rect(-50,100,200,200);rect(-50,100,200,200);rect(0,100,200,200);rect(0,100,200,200);rect(-50,100,200,200);rect(0,100,200,200);rect(0,100,200,200);rect(-50,100,200,200);rect(0,100,200,200);rect(0,100,200,200);rect(-50,100,200,200);rect(0,100,200,200);rect(0,100,200,200);rect(-50,100,200,200);rect(0,100,200,200);rect(0,100,200,200);rect(-50,100,200,200);rect(0,100,200,200);rect(0,100,200,200);rect(0,100,200,200);rect(-50,100,200,200);rect(-50,100,200,200);rect(0,100,200,200);rect(0,100,200,200);rect(0,100,200,200);rect(0,100,200,200);rect(-50,100,200,200);rect(0,100,200,200);rect(0,100,200,200);rect(0,100,200,200);rect(0,100,200,200);rect(-50,100,200,200);rect(0,100,200,200);rect(0,100,200,200);rect(0,100,200,200);rect(0,100,200,200);rect(0,100,200,200);rect(-50,100,200,200);rect(-50,100,200,200);rect(-50,100,200,200);rect(-50,100,200,200);rect(-50,100,200,200);rect(-50,100,200,200);rect(0,100,200,200);rect(-50,100,200,200);rect(0,100,200,200);rect(0,100,200,200);rect(0,100,200,200);rect(0,100,200,200);rect(0,100,200,200);rect(0,100,200,200);rect(-50,100,200,200);rect(-50,100,200,200);rect(0,100,200,200);rect(0,100,200,200);rect(0,100,200,200);rect(0,100,200,200);rect(0,100,200,200);rect(-50,100,200,200);rect(0,100,200,200);rect(0,100,200,200);rect(0,100,200,200);rect(0,100,200,200);rect(-50,100,200,200);rect(-50,100,200,200);rect(-50,100,200,200);rect(0,100,200,200);rect(0,100,200,200);rect(0,100,200,200);rect(-50,100,200,200);rect(0,100,200,200);rect(0,100,200,200);rect(0,100,200,200);rect(-50,100,200,200);rect(0,100,200,200);rect(0,100,200,200);rect(-50,100,200,200);rect(0,100,200,200);rect(0,100,200,200);rect(-50,100,200,200);rect(0,100,200,200);rect(0,100,200,200);rect(-50,100,200,200);rect(0,100,200,200);rect(0,100,200,200);rect(-50,100,200,200);rect(0,100,200,200);rect(-50,100,200,200);rect(0,100,200,200);rect(0,100,200,200);rect(-50,100,200,200);rect(-50,100,200,200);rect(0,100,200,200);rect(-50,100,200,200);rect(0,100,200,200);rect(0,100,200,200);rect(-50,100,200,200);rect(0,100,200,200);rect(0,100,200,200);rect(-50,100,200,200);rect(0,100,200,200);rect(0,100,200,200);rect(-50,100,200,200);rect(0,100,200,200);rect(0,100,200,200);rect(-50,100,200,200);rect(0,100,200,200);rect(0,100,200,200);rect(-50,100,200,200);rect(0,100,200,200);rect(-50,100,200,200);rect(0,100,200,200);rect(0,100,200,200);rect(-50,100,200,200);rect(0,100,200,200);rect(0,100,200,200);rect(-50,100,200,200);rect(0,100,200,200);rect(0,100,200,200);rect(-50,100,200,200);rect(0,100,200,200);rect(0,100,200,200);rect(0,100,200,200);rect(-50,100,200,200);rect(0,100,200,200);rect(-50,100,200,200);rect(0,100,200,200);rect(0,100,200,200);rect(-50,100,200,200);rect(0,100,200,200);rect(0,100,200,200);rect(-50,100,200,200);rect(0,100,200,200);rect(0,100,200,200);rect(0,100,200,200);rect(-50,100,200,200);rect(0,100,200,200);rect(0,100,200,200);rect(0,100,200,200);rect(-50,100,200,200);rect(0,100,200,200);rect(0,100,200,200);rect(-50,100,200,200);rect(0,100,200,200);rect(0,100,200,200);rect(0,100,200,200);rect(-50,100,200,200);rect(0,100,200,200);rect(-50,100,200,200);rect(-50,100,200,200);rect(0,100,200,200);rect(0,100,200,200);rect(-50,100,200,200);rect(0,100,200,200);rect(0,100,200,200);rect(-50,100,200,200);rect(-50,100,200,200);rect(0,100,200,200);rect(0,100,200,200);rect(-50,100,200,200);rect(0,100,200,200);rect(0,100,200,200);rect(0,100,200,200);rect(-50,100,200,200);rect(0,100,200,200);rect(0,100,200,200);rect(0,100,200,200);rect(-50,100,200,200);rect(-50,100,200,200);rect(0,100,200,200);rect(-50,100,200,200);rect(0,100,200,200);rect(0,100,200,200);rect(0,100,200,200);rect(-50,100,200,200);rect(-50,100,200,200);rect(0,100,200,200);rect(0,100,200,200);rect(-50,100,200,200);rect(0,100,200,200);rect(0,100,200,200);rect(0,100,200,200);rect(-50,100,200,200);rect(0,100,200,200);rect(0,100,200,200);rect(0,100,200,200);rect(-50,100,200,200);rect(-50,100,200,200);rect(0,100,200,200);rect(0,100,200,200);rect(0,100,200,200);rect(-50,100,200,200);rect(0,100,200,200);rect(0,100,200,200);rect(-50,100,200,200);rect(0,100,200,200);rect(0,100,200,200);rect(-50,100,200,200);rect(0,100,200,200);rect(0,100,200,200);rect(-50,100,200,200);rect(0,100,200,200);rect(0,100,200,200);rect(-50,100,200,200);rect(-50,100,200,200);rect(0,100,200,200);rect(0,100,200,200);rect(-50,100,200,200);rect(0,100,200,200);rect(0,100,200,200);rect(-50,100,200,200);rect(-50,100,200,200);rect(0,100,200,200);rect(-50,100,200,200);rect(0,100,200,200);rect(0,100,200,200);rect(-50,100,200,200);rect(0,100,200,200);rect(0,100,200,200);rect(-50,100,200,200);rect(0,100,200,200);rect(0,100,200,200);rect(-50,100,200,200);rect(-50,-100,200,200);rect(-50,-100,200,200);rect(0,100,200,200);rect(0,100,200,200);rect(0,100,200,200);rect(0,100,200,200);rect(-50,-100,200,200);rect(0,100,200,200);rect(0,100,200,200);rect(0,100,200,200);rect(0,100,200,200);rect(-50,-100,200,200);rect(-50,-100,200,200);rect(0,100,200,200);rect(0,100,200,200);rect(0,100,200,200);rect(-50,-100,200,200);rect(-50,-100,200,200);rect(0,100,200,200);rect(0,100,200,200);rect(0,100,200,200);rect(0,100,200,200);rect(-50,-100,200,200);rect(0,100,200,200);rect(0,100,200,200);rect(-50,-100,200,200);rect(0,100,200,200);rect(0,100,200,200);rect(-50,-100,200,200);rect(0,100,200,200);rect(0,100,200,200);rect(-50,-100,200,200);rect(0,100,200,200);rect(-50,-100,200,200);rect(0,100,200,200);rect(0,100,200,200);rect(-50,-100,200,200);rect(0,100,200,200);rect(-50,-100,200,200);rect(0,100,200,200);rect(0,100,200,200);rect(0,100,200,200);rect(-50,-100,200,200);rect(0,100,200,200);rect(0,100,200,200);rect(-50,-100,200,200);rect(0,100,200,200);rect(0,100,200,200);rect(-50,-100,200,200);rect(0,100,200,200);rect(-50,-100,200,200);rect(0,100,200,200);rect(-50,-100,200,200);rect(0,100,200,200);rect(0,100,200,200);rect(-50,-100,200,200);rect(0,100,200,200);rect(0,100,200,200);rect(-50,-100,200,200);rect(0,100,200,200);rect(-50,-100,200,200);rect(0,100,200,200);rect(0,100,200,200);rect(-50,-100,200,200);rect(0,100,200,200);rect(-50,-100,200,200);rect(0,100,200,200);rect(0,100,200,200);rect(-50,-100,200,200);rect(0,100,200,200);rect(0,100,200,200);rect(-50,-100,200,200);rect(0,100,200,200);rect(0,100,200,200);rect(-50,-100,200,200);rect(0,100,200,200);rect(0,100,200,200);rect(-50,-100,200,200);rect(0,100,200,200);rect(0,100,200,200);rect(-50,-100,200,200);rect(0,100,200,200);rect(0,100,200,200);rect(-50,-100,200,200);rect(0,100,200,200);rect(-50,-100,200,200);rect(0,100,200,200);rect(-50,-100,200,200);rect(0,100,200,200);rect(0,100,200,200);rect(-50,-100,200,200);rect(0,100,200,200);rect(0,100,200,200);rect(-50,-100,200,200);rect(0,100,200,200);rect(0,100,200,200);rect(0,100,200,200);rect(0,100,200,200);rect(0,100,200,200);rect(-50,-100,200,200);rect(0,100,200,200);rect(0,100,200,200);rect(-50,-100,200,200);rect(0,100,200,200);rect(0,100,200,200);rect(0,100,200,200);rect(-50,-100,200,200);rect(0,100,200,200);rect(0,100,200,200);rect(0,100,200,200);rect(0,100,200,200);rect(-50,-100,200,200);rect(0,100,200,200);rect(0,100,200,200);rect(-50,-100,200,200);rect(0,100,200,200);rect(0,100,200,200);rect(-50,-100,200,200);rect(0,100,200,200);rect(0,100,200,200);rect(-50,-100,200,200);rect(0,100,200,200);rect(0,100,200,200);rect(-50,-100,200,200);rect(0,100,200,200);rect(0,100,200,200);rect(-50,-100,200,200);rect(0,100,200,200);rect(0,100,200,200);rect(0,100,200,200);rect(-50,-100,200,200);rect(0,100,200,200);rect(0,100,200,200);rect(0,100,200,200);rect(0,100,200,200);rect(-50,-100,200,200);rect(0,100,200,200);rect(0,100,200,200);rect(0,100,200,200);rect(-50,-100,200,200);rect(0,100,200,200);rect(0,100,200,200);rect(0,100,200,200);rect(-50,-100,200,200);rect(0,100,200,200);rect(0,100,200,200);rect(0,100,200,200);rect(-50,-100,200,200);rect(0,100,200,200);rect(0,100,200,200);rect(0,100,200,200);rect(-50,-100,200,200);rect(0,100,200,200);rect(0,100,200,200);rect(-50,-100,200,200);rect(-50,-100,200,200);rect(0,100,200,200);rect(0,100,200,200);rect(-50,-100,200,200);rect(0,100,200,200);rect(0,100,200,200);rect(-50,-100,200,200);rect(0,100,200,200);rect(0,100,200,200);rect(0,100,200,200);rect(-50,-100,200,200);rect(-50,-100,200,200);rect(0,100,200,200);rect(0,100,200,200);rect(0,100,200,200);rect(0,100,200,200);rect(0,100,200,200);rect(0,100,200,200);rect(-50,-100,200,200);rect(0,100,200,200);rect(0,100,200,200);rect(0,100,200,200);rect(-50,-100,200,200);rect(0,100,200,200);rect(-50,-100,200,200);rect(0,100,200,200);rect(0,100,200,200);rect(0,100,200,200);rect(-50,-100,200,200);rect(0,100,200,200);rect(0,100,200,200);rect(0,100,200,200);rect(-50,-100,200,200);rect(0,100,200,200);rect(-50,-100,200,200);rect(0,100,200,200);rect(-50,-100,200,200);rect(0,100,200,200);rect(-50,-100,200,200);rect(-50,-100,200,200);rect(-50,-100,200,200);rect(0,100,200,200);rect(0,100,200,200);rect(0,100,200,200);rect(-50,-100,200,200);rect(0,100,200,200);rect(-50,-100,200,200);rect(0,100,200,200);rect(-50,-100,200,200);rect(0,100,200,200);rect(0,100,200,200);rect(-50,-100,200,200);rect(0,100,200,200);rect(-50,-100,200,200);rect(-50,-100,200,200);rect(0,100,200,200);rect(0,100,200,200);rect(0,100,200,200);rect(0,100,200,200);rect(0,100,200,200);rect(0,100,200,200);rect(-50,-100,200,200);rect(-50,-100,200,200);rect(0,100,200,200);rect(0,100,200,200);rect(0,100,200,200);rect(0,100,200,200);rect(0,100,200,200);rect(-50,-100,200,200);rect(0,100,200,200);rect(0,100,200,200);rect(0,100,200,200);rect(0,100,200,200);rect(0,100,200,200);rect(-50,-100,200,200);rect(0,100,200,200);rect(0,100,200,200);rect(-50,-100,200,200);rect(0,100,200,200);rect(-50,-100,200,200);rect(0,100,200,200);rect(0,100,200,200);rect(-50,-100,200,200);rect(0,100,200,200);rect(0,100,200,200);rect(0,100,200,200);rect(-50,-100,200,200);rect(0,100,200,200);rect(0,100,200,200);rect(0,100,200,200);rect(-50,-100,200,200);rect(0,100,200,200);rect(0,100,200,200);rect(0,100,200,200);rect(0,100,200,200);rect(0,100,200,200);rect(0,100,200,200);rect(-50,-100,200,200);rect(0,100,200,200);rect(0,100,200,200);rect(0,100,200,200);rect(0,100,200,200);rect(0,100,200,200);rect(-50,-100,200,200);rect(0,100,200,200);rect(0,100,200,200);rect(0,100,200,200);rect(0,100,200,200);rect(0,100,200,200);rect(0,100,200,200);rect(0,100,200,200);rect(-50,-100,200,200);rect(0,100,200,200);rect(0,100,200,200);rect(0,100,200,200);rect(0,100,200,200);rect(0,100,200,200);rect(-50,-100,200,200);rect(0,100,200,200);rect(0,100,200,200);rect(-50,-100,200,200);rect(0,100,200,200);rect(0,100,200,200);rect(0,100,200,200);rect(0,100,200,200);rect(0,100,200,200);rect(0,100,200,200);rect(0,100,200,200);rect(-50,-100,200,200);rect(0,100,200,200);rect(0,100,200,200);rect(0,100,200,200);rect(0,100,200,200);rect(0,100,200,200);rect(0,100,200,200);rect(-50,-100,200,200);rect(-50,-100,200,200);rect(0,100,200,200);rect(0,100,200,200);rect(0,100,200,200);rect(0,100,200,200);rect(0,100,200,200);rect(0,100,200,200);rect(0,100,200,200);rect(0,100,200,200);rect(0,100,200,200);rect(-50,-100,200,200);rect(0,100,200,200);rect(0,100,200,200);rect(0,100,200,200);rect(0,100,200,200);rect(0,100,200,200);rect(0,100,200,200);rect(-50,-100,200,200);rect(0,100,200,200);rect(0,100,200,200);rect(0,100,200,200);rect(0,100,200,200);rect(0,100,200,200);rect(-50,-100,200,200);rect(0,100,200,200);rect(0,100,200,200);rect(0,100,200,200);rect(-50,-100,200,200);rect(0,100,200,200);rect(0,100,200,200);rect(0,100,200,200);rect(0,100,200,200);rect(-50,-100,200,200);rect(0,100,200,200);rect(0,100,200,200);rect(0,100,200,200);rect(0,100,200,200);rect(-50,-100,200,200);rect(0,100,200,200);rect(0,100,200,200);rect(0,100,200,200);rect(0,100,200,200);rect(-50,-100,200,200);rect(0,100,200,200);rect(0,100,200,200);rect(0,100,200,200);rect(0,100,200,200);rect(0,100,200,200);rect(-50,-100,200,200);rect(0,100,200,200);rect(0,100,200,200);rect(0,100,200,200);rect(0,100,200,200);rect(0,100,200,200);rect(0,100,200,200);rect(-50,-100,200,200);rect(0,100,200,200);rect(0,100,200,200);rect(0,100,200,200);rect(0,100,200,200);rect(0,100,200,200);rect(0,100,200,200);rect(-50,-100,200,200);rect(0,100,200,200);rect(0,100,200,200);rect(0,100,200,200);rect(0,100,200,200);rect(0,100,200,200);rect(-50,-100,200,200);rect(0,100,200,200);rect(0,100,200,200);rect(0,100,200,200);rect(0,100,200,200);rect(0,100,200,200);rect(0,100,200,200);rect(0,100,200,200);rect(0,100,200,200);rect(-50,-100,200,200);rect(0,100,200,200);rect(0,100,200,200);rect(0,100,200,200);rect(0,100,200,200);rect(0,100,200,200);rect(-50,-100,200,200);rect(0,100,200,200);rect(0,100,200,200);rect(0,100,200,200);rect(-50,-100,200,200);rect(0,100,200,200);rect(0,100,200,200);rect(0,100,200,200);rect(0,100,200,200);rect(0,100,200,200);rect(0,100,200,200);rect(0,100,200,200);rect(0,100,200,200);rect(-50,-100,200,200);rect(0,100,200,200);rect(0,100,200,200);rect(0,100,200,200);rect(0,100,200,200);rect(0,100,200,200);rect(0,100,200,200);rect(0,100,200,200);rect(-50,-100,200,200);rect(0,100,200,200);rect(0,100,200,200);rect(0,100,200,200);rect(0,100,200,200);rect(-50,-100,200,200);rect(0,100,200,200);rect(0,100,200,200);rect(0,100,200,200);rect(0,100,200,200);rect(-50,-100,200,200);rect(-50,-100,200,200);rect(0,100,200,200);rect(0,100,200,200);rect(0,100,200,200);rect(0,100,200,200);rect(0,100,200,200);rect(0,100,200,200);rect(0,100,200,200);rect(0,100,200,200);rect(0,100,200,200);rect(0,100,200,200);rect(-50,-100,200,200);rect(0,100,200,200);rect(0,100,200,200);rect(0,100,200,200);rect(0,100,200,200);rect(0,100,200,200);rect(-50,-100,200,200);rect(0,100,200,200);rect(0,100,200,200);rect(0,100,200,200);rect(-50,-100,200,200);rect(0,100,200,200);rect(0,100,200,200);rect(0,100,200,200);rect(0,100,200,200);rect(0,100,200,200);rect(0,100,200,200);rect(0,100,200,200);rect(0,100,200,200);rect(-50,-100,200,200);rect(0,100,200,200);rect(0,100,200,200);rect(0,100,200,200);rect(-50,-100,200,200);rect(0,100,200,200);rect(0,100,200,200);rect(0,100,200,200);rect(0,100,200,200);rect(0,100,200,200);rect(0,100,200,200);rect(0,100,200,200);rect(0,100,200,200);rect(0,100,200,200);rect(-50,-100,200,200);rect(0,100,200,200);rect(0,100,200,200);rect(0,100,200,200);rect(0,100,200,200);rect(0,100,200,200);rect(0,100,200,200);rect(-50,-100,200,200);rect(0,100,200,200);rect(0,100,200,200);rect(0,100,200,200);rect(0,100,200,200);rect(0,100,200,200);rect(-50,-100,200,200);rect(0,100,200,200);rect(0,100,200,200);rect(0,100,200,200);rect(0,100,200,200);rect(-50,-100,200,200);rect(0,100,200,200);rect(0,100,200,200);rect(0,100,200,200);rect(0,100,200,200);rect(-50,-100,200,200);rect(0,100,200,200);rect(0,100,200,200);rect(0,100,200,200);rect(0,100,200,200);rect(0,100,200,200);rect(0,100,200,200);rect(-50,-100,200,200);rect(0,100,200,200);rect(0,100,200,200);rect(0,100,200,200);rect(0,100,200,200);rect(0,100,200,200);rect(0,100,200,200);rect(0,100,200,200);rect(-50,-100,200,200);rect(0,100,200,200);rect(0,100,200,200);rect(0,100,200,200);rect(0,100,200,200);rect(0,100,200,200);rect(-50,-100,200,200);rect(0,100,200,200);rect(0,100,200,200);rect(0,100,200,200);rect(0,100,200,200);rect(0,100,200,200);rect(0,100,200,200);rect(-50,-100,200,200);rect(0,100,200,200);rect(0,100,200,200);rect(0,100,200,200);rect(0,100,200,200);rect(0,100,200,200);rect(0,100,200,200);rect(-50,-100,200,200);rect(0,100,200,200);rect(0,100,200,200);rect(0,100,200,200);rect(0,100,200,200);rect(-50,-100,200,200);rect(0,100,200,200);rect(0,100,200,200);rect(0,100,200,200);rect(0,100,200,200);rect(0,100,200,200);rect(0,100,200,200);rect(0,100,200,200);rect(-50,-100,200,200);rect(0,100,200,200);rect(0,100,200,200);rect(0,100,200,200);rect(0,100,200,200);rect(-50,-100,200,200);rect(0,100,200,200);rect(0,100,200,200);rect(0,100,200,200);rect(0,100,200,200);rect(0,100,200,200);rect(-50,-100,200,200);rect(0,100,200,200);rect(-50,-100,200,200);rect(0,100,200,200);rect(0,100,200,200);rect(0,100,200,200);rect(0,100,200,200);rect(0,100,200,200);rect(0,100,200,200);rect(0,100,200,200);rect(-50,-100,200,200);rect(0,100,200,200);rect(-50,-100,200,200);rect(0,100,200,200);rect(0,100,200,200);rect(0,100,200,200);rect(-50,-100,200,200);rect(0,100,200,200);rect(0,100,200,200);rect(0,100,200,200);rect(0,100,200,200);rect(0,100,200,200);rect(0,100,200,200);rect(-50,-100,200,200);rect(0,100,200,200);rect(-50,-100,200,200);rect(0,100,200,200);rect(0,100,200,200);rect(-50,-100,200,200);rect(0,100,200,200);rect(0,100,200,200);rect(0,100,200,200);rect(0,100,200,200);rect(0,100,200,200);rect(0,100,200,200);rect(0,100,200,200);rect(-50,-100,200,200);rect(0,100,200,200);rect(0,100,200,200);rect(0,100,200,200);rect(0,100,200,200);rect(0,100,200,200);rect(-50,-100,200,200);rect(0,100,200,200);rect(0,100,200,200);rect(0,100,200,200);rect(0,100,200,200);rect(0,100,200,200);rect(0,100,200,200);rect(0,100,200,200);rect(0,100,200,200);rect(-50,-100,200,200);rect(0,100,200,200);rect(0,100,200,200);rect(0,100,200,200);rect(0,100,200,200);rect(0,100,200,200);rect(-50,-100,200,200);rect(0,100,200,200);rect(0,100,200,200);rect(0,100,200,200);rect(-50,-100,200,200);rect(0,100,200,200);rect(0,100,200,200);rect(0,100,200,200);rect(0,100,200,200);rect(-50,-100,200,200);rect(0,100,200,200);rect(0,100,200,200);rect(0,100,200,200);rect(-50,-100,200,200);rect(0,100,200,200);rect(0,100,200,200);rect(0,100,200,200);rect(0,100,200,200);rect(-50,-100,200,200);rect(0,100,200,200);rect(0,100,200,200);rect(0,100,200,200);rect(0,100,200,200);rect(0,100,200,200);rect(0,100,200,200);rect(0,100,200,200);rect(0,100,200,200);rect(-50,-100,200,200);rect(0,100,200,200);rect(0,100,200,200);rect(0,100,200,200);rect(0,100,200,200);rect(-50,-100,200,200);rect(0,100,200,200);rect(-50,-100,200,200);rect(0,100,200,200);rect(0,100,200,200);rect(0,100,200,200);rect(-50,-100,200,200);rect(0,100,200,200);rect(0,100,200,200);rect(0,100,200,200);